0 0.47836538461538464 0.3629807692307692 0.05889423076923077 0.07451923076923077
0 0.6225961538461539 0.39783653846153844 0.0673076923076923 0.1502403846153846
0 0.2548076923076923 0.40625 0.14423076923076922 0.18028846153846154
0 0.453125 0.42908653846153844 0.0673076923076923 0.11899038461538461
0 0.7956730769230769 0.4423076923076923 0.07451923076923077 0.17307692307692307
0 0.8774038461538461 0.4639423076923077 0.08533653846153846 0.23677884615384615
0 0.9579326923076923 0.4795673076923077 0.08052884615384616 0.2860576923076923
0 0.25961538461538464 0.5024038461538461 0.11658653846153846 0.29086538461538464
0 0.5552884615384616 0.5817307692307693 0.14783653846153846 0.4362980769230769
0 0.12259615384615384 0.5985576923076923 0.11057692307692307 0.45913461538461536
0 0.6935096153846154 0.6538461538461539 0.17548076923076922 0.5456730769230769
0 0.39783653846153844 0.6634615384615384 0.21033653846153846 0.5769230769230769