0 0.38461538461538464 0.27884615384615385 0.08052884615384616 0.4338942307692308
0 0.7884615384615384 0.2956730769230769 0.0829326923076923 0.3641826923076923
0 0.6418269230769231 0.3557692307692308 0.057692307692307696 0.38221153846153844
0 0.921875 0.47115384615384615 0.15384615384615385 0.6382211538461539
0 0.7355769230769231 0.4723557692307692 0.15384615384615385 0.7788461538461539
0 0.5072115384615384 0.5060096153846154 0.15144230769230768 0.6478365384615384
0 0.21634615384615385 0.5108173076923077 0.15144230769230768 0.7211538461538461
0 0.875 0.16826923076923078 0.06009615384615385 0.17427884615384615
0 0.9447115384615384 0.1814903846153846 0.0829326923076923 0.1310096153846154
0 0.5384615384615384 0.20552884615384615 0.06009615384615385 0.18509615384615385
0 0.828125 0.24278846153846154 0.057692307692307696 0.27283653846153844