0 0.21995192307692307 0.3870192307692308 0.07572115384615384 0.4699519230769231
0 0.4831730769230769 0.40625 0.05889423076923077 0.5324519230769231
0 0.36778846153846156 0.41947115384615385 0.057692307692307696 0.45072115384615385
0 0.7271634615384616 0.4206730769230769 0.07451923076923077 0.4579326923076923
0 0.8774038461538461 0.42427884615384615 0.07572115384615384 0.5132211538461539
0 0.9302884615384616 0.4411057692307692 0.05889423076923077 0.44591346153846156
0 0.12860576923076922 0.45552884615384615 0.12860576923076922 0.5132211538461539
0 0.421875 0.47716346153846156 0.08173076923076923 0.5564903846153846
0 0.5120192307692307 0.4987980769230769 0.04807692307692308 0.5661057692307693
0 0.3137019230769231 0.5216346153846154 0.09134615384615384 0.6418269230769231
0 0.6298076923076923 0.5408653846153846 0.09375 0.6322115384615384
0 0.5625 0.5456730769230769 0.08533653846153846 0.6995192307692307
0 0.8762019230769231 0.5600961538461539 0.11899038461538461 0.7091346153846154
0 0.7992788461538461 0.5925480769230769 0.08653846153846154 0.7331730769230769
0 0.31850961538461536 0.21514423076923078 0.054086538461538464 0.11177884615384616